cycles = 100000000
num1 = 3.123141
num2 = 5.123451